layout = [0, 1, 0, 2, 0, 3, 0, 4, 0, 3, 0, 2, 0, 1, 0]
circle = False
theoretical dice = [2. 3. 3. 3. 3. 3. 3. 3. 3. 2. 2. 1. 1. 1.]
theoretical cost = [12.139, 11.277, 9.578, 8.814, 7.264, 5.99, 4.867, 3.651, 2.167, 1.5, 7.817, 6.0, 4.0, 2.0]
empirical cost best dice = [12.16, 11.3, 9.58, 8.849, 7.291, 6.003, 4.948, 3.718, 2.251, 1.751, 7.814, 6.005, 3.999, 2.004]
empirical dice = [1, 1, 1, 1, 1, 1, 1, 1, 1, 1, 1, 1, 1, 1]
empirical cost = [17.005, 15.013, 12.991, 14.012, 11.999, 9.999, 7.999, 6.002, 3.999, 2.003, 8.006, 6.001, 4.002, 2.001]
------------------------------------------------------------------------------------------------------------------------

layout = [0, 1, 0, 2, 0, 3, 0, 4, 0, 3, 0, 2, 0, 1, 0]
circle = True
theoretical dice = [2. 3. 3. 3. 2. 3. 3. 3. 2. 1. 2. 1. 1. 1.]
theoretical cost = [12.364, 11.499, 9.793, 9.195, 7.472, 6.538, 5.404, 4.053, 2.999, 2.0, 7.876, 6.0, 4.0, 2.0]
empirical cost best dice = [12.338, 11.52, 9.775, 9.124, 7.576, 6.349, 5.254, 3.938, 2.755, 2.005, 7.879, 5.999, 3.996, 1.998]
empirical dice = [1, 1, 1, 1, 1, 1, 1, 1, 1, 1, 1, 1, 1, 1]
empirical cost = [16.988, 14.997, 12.995, 14.008, 11.997, 9.996, 8.004, 6.0, 4.0, 2.001, 7.997, 6.003, 3.993, 2.002]
------------------------------------------------------------------------------------------------------------------------

layout = [0, 1, 0, 2, 0, 3, 0, 4, 0, 3, 0, 2, 0, 1, 0]
circle = False
theoretical dice = [2. 3. 3. 3. 3. 3. 3. 3. 3. 2. 2. 1. 1. 1.]
theoretical cost = [12.138, 11.277, 9.578, 8.814, 7.265, 5.991, 4.869, 3.651, 2.167, 1.501, 7.817, 6.0, 4.0, 2.0]
empirical dice = [2, 2, 2, 2, 2, 2, 2, 2, 2, 2, 2, 2, 2, 2]
empirical cost = [15.659, 14.935, 13.049, 11.194, 8.7, 7.925, 5.995, 4.743, 2.625, 1.748, 11.178, 10.749, 6.471, 4.347]
------------------------------------------------------------------------------------------------------------------------

layout = [0, 1, 0, 2, 0, 3, 0, 4, 0, 3, 0, 2, 0, 1, 0]
circle = True
theoretical dice = [2. 3. 3. 3. 3. 3. 3. 3. 2. 1. 2. 1. 1. 1.]
theoretical cost = [12.33, 11.489, 9.753, 9.093, 7.545, 6.285, 5.213, 3.909, 2.502, 2.0, 7.871, 6.0, 4.0, 2.0]
empirical dice = [2, 2, 2, 2, 2, 2, 2, 2, 2, 2, 2, 2, 2, 2]
empirical cost = [21.475, 20.818, 18.853, 17.409, 15.005, 14.347, 12.101, 12.394, 7.999, 12.488, 16.045, 16.635, 10.37, 14.094]
------------------------------------------------------------------------------------------------------------------------

layout = [0, 1, 0, 2, 0, 3, 0, 4, 0, 3, 0, 2, 0, 1, 0]
circle = False
theoretical dice = [2. 3. 3. 3. 2. 3. 3. 3. 3. 3. 2. 1. 1. 1.]
theoretical cost = [12.061, 11.155, 9.505, 8.752, 6.981, 6.025, 4.935, 3.702, 2.221, 1.666, 7.791, 6.0, 4.0, 2.0]
empirical dice = [3, 3, 3, 3, 3, 3, 3, 3, 3, 3, 3, 3, 3, 3]
empirical cost = [16.934, 14.868, 12.95, 10.813, 8.609, 7.017, 5.681, 4.236, 2.225, 1.667, 14.254, 10.685, 6.983, 5.245]
------------------------------------------------------------------------------------------------------------------------

circle = True
theoretical dice = [2. 3. 3. 3. 2. 3. 3. 3. 2. 1. 2. 1. 1. 1.]
theoretical cost = [12.361, 11.497, 9.792, 9.194, 7.472, 6.538, 5.404, 4.053, 3.0, 2.0, 7.875, 6.0, 4.0, 2.0]
empirical dice = [3, 3, 3, 3, 3, 3, 3, 3, 3, 3, 3, 3, 3, 3]
empirical cost = [36.112, 34.042, 32.012, 30.555, 28.026, 26.632, 26.454, 19.889, 22.289, 25.672, 33.071, 24.809, 25.377, 27.975]
------------------------------------------------------------------------------------------------------------------------

layout = [0, 1, 0, 2, 0, 3, 0, 4, 0, 3, 0, 2, 0, 1, 0]
circle = False
theoretical dice = [2. 3. 3. 3. 2. 3. 3. 3. 3. 3. 2. 1. 1. 1.]
theoretical cost = [12.05, 11.145, 9.498, 8.746, 6.976, 6.023, 4.933, 3.701, 2.221, 1.666, 7.787, 6.0, 4.0, 2.0]
empirical dice = [1, 1, 3, 2, 1, 3, 3, 1, 3, 1, 1, 3, 2, 2]
empirical cost = [16.566, 14.581, 12.575, 11.155, 9.043, 7.012, 5.779, 4.332, 2.332, 2.002, 12.482, 10.539, 6.789, 4.515]
------------------------------------------------------------------------------------------------------------------------

layout = [0, 1, 0, 2, 0, 3, 0, 4, 0, 3, 0, 2, 0, 1, 0]
circle = True
theoretical dice = [2. 3. 3. 3. 3. 3. 3. 3. 2. 1. 2. 1. 1. 1.]
theoretical cost = [12.337, 11.494, 9.756, 9.095, 7.543, 6.285, 5.213, 3.909, 2.502, 2.0, 7.873, 6.0, 4.0, 2.0]
empirical dice = [1, 1, 3, 2, 1, 3, 3, 1, 3, 1, 1, 3, 2, 2]
empirical cost = [20.496, 18.497, 16.477, 15.784, 13.867, 11.886, 9.424, 11.169, 9.151, 2.002, 15.264, 13.267, 10.013, 13.513]
------------------------------------------------------------------------------------------------------------------------

layout = [0, 1, 0, 2, 0, 3, 0, 4, 0, 3, 0, 2, 0, 1, 0]
circle = False
theoretical dice = [2. 3. 3. 3. 3. 3. 3. 3. 3. 2. 2. 1. 1. 1.]
theoretical cost = [12.152, 11.289, 9.587, 8.822, 7.271, 5.995, 4.872, 3.653, 2.168, 1.502, 7.821, 6.0, 4.0, 2.0]
empirical dice = [1, 1, 2, 3, 1, 3, 2, 2, 2, 2, 2, 3, 2, 3]
empirical cost = [17.934, 15.956, 13.899, 11.504, 9.438, 7.443, 6.155, 4.859, 2.631, 1.751, 11.984, 11.296, 7.378, 5.478]
------------------------------------------------------------------------------------------------------------------------

layout = [0, 1, 0, 2, 0, 3, 0, 4, 0, 3, 0, 2, 0, 1, 0]
circle = True
theoretical dice = [2. 3. 3. 3. 3. 3. 3. 3. 2. 1. 2. 1. 1. 1.]
theoretical cost = [12.322, 11.481, 9.746, 9.087, 7.538, 6.28, 5.21, 3.907, 2.5, 2.0, 7.869, 6.0, 4.0, 2.0]
empirical dice = [1, 1, 2, 3, 1, 3, 2, 2, 2, 2, 2, 3, 2, 3]
empirical cost = [23.024, 20.979, 19.08, 17.423, 15.485, 13.503, 12.559, 12.988, 8.388, 13.284, 16.403, 14.991, 11.843, 18.27]
------------------------------------------------------------------------------------------------------------------------
