layout = [0, 4, 0, 4, 0, 0, 4, 4, 0, 0, 0, 0, 0, 4, 0]
circle = False
theoretical dice = [3. 3. 3. 3. 3. 3. 3. 3. 3. 3. 2. 3. 3. 3.]
theoretical cost = [5.316, 5.238, 5.128, 5.006, 5.007, 4.2, 3.482, 2.63, 1.778, 1.333, 4.384, 3.294, 2.47, 1.852]
empirical cost best dice = [5.307, 5.238, 5.125, 5.005, 4.997, 4.191, 3.482, 2.626, 1.781, 1.334, 4.381, 3.294, 2.465, 1.846]
empirical dice = [1, 1, 1, 1, 1, 1, 1, 1, 1, 1, 1, 1, 1, 1]
empirical cost = [17.017, 14.994, 12.991, 13.993, 11.998, 10.007, 7.995, 6.0, 3.999, 2.004, 7.997, 6.001, 4.0, 2.004]
------------------------------------------------------------------------------------------------------------------------

layout = [0, 4, 0, 4, 0, 0, 4, 4, 0, 0, 0, 0, 0, 4, 0]
circle = True
theoretical dice = [3. 3. 3. 3. 3. 3. 3. 3. 2. 1. 2. 3. 2. 1.]
theoretical cost = [5.753, 5.683, 5.567, 5.474, 5.475, 4.731, 4.048, 3.086, 2.5, 2.0, 4.784, 3.603, 2.962, 2.0]
empirical cost best dice = [5.749, 5.68, 5.575, 5.474, 5.473, 4.733, 4.054, 3.082, 2.506, 2.001, 4.777, 3.601, 2.958, 1.999]
empirical dice = [1, 1, 1, 1, 1, 1, 1, 1, 1, 1, 1, 1, 1, 1]
empirical cost = [16.99, 15.0, 13.01, 13.999, 12.0, 10.004, 7.999, 5.999, 3.993, 1.997, 8.003, 5.998, 3.993, 2.003]
------------------------------------------------------------------------------------------------------------------------

layout = [0, 4, 0, 4, 0, 0, 4, 4, 0, 0, 0, 0, 0, 4, 0]
circle = False
theoretical dice = [3. 3. 3. 3. 3. 3. 3. 3. 3. 3. 2. 3. 3. 3.]
theoretical cost = [5.316, 5.238, 5.128, 5.006, 5.007, 4.2, 3.482, 2.63, 1.778, 1.333, 4.384, 3.294, 2.47, 1.852]
empirical dice = [2, 2, 2, 2, 2, 2, 2, 2, 2, 2, 2, 2, 2, 2]
empirical cost = [8.19, 7.46, 7.278, 7.249, 6.835, 5.943, 4.718, 3.648, 2.248, 1.5, 5.518, 4.809, 3.207, 2.147]
------------------------------------------------------------------------------------------------------------------------

layout = [0, 4, 0, 4, 0, 0, 4, 4, 0, 0, 0, 0, 0, 4, 0]
circle = True
theoretical dice = [3. 3. 3. 3. 3. 3. 3. 3. 2. 1. 2. 3. 2. 1.]
theoretical cost = [5.753, 5.683, 5.567, 5.474, 5.475, 4.731, 4.048, 3.086, 2.5, 2.0, 4.784, 3.603, 2.962, 2.0]
empirical dice = [2, 2, 2, 2, 2, 2, 2, 2, 2, 2, 2, 2, 2, 2]
empirical cost = [11.356, 10.662, 10.419, 10.638, 10.164, 9.399, 7.985, 7.711, 5.086, 7.172, 8.168, 7.965, 5.317, 7.36]
------------------------------------------------------------------------------------------------------------------------

layout = [0, 4, 0, 4, 0, 0, 4, 4, 0, 0, 0, 0, 0, 4, 0]
circle = False
theoretical dice = [3. 3. 3. 3. 3. 3. 3. 3. 3. 3. 2. 3. 3. 3.]
theoretical cost = [5.316, 5.238, 5.128, 5.006, 5.007, 4.2, 3.482, 2.63, 1.778, 1.333, 4.384, 3.294, 2.47, 1.852]
empirical dice = [3, 3, 3, 3, 3, 3, 3, 3, 3, 3, 3, 3, 3, 3]
empirical cost = [5.315, 5.23, 5.128, 4.997, 5.006, 4.186, 3.477, 2.631, 1.777, 1.335, 4.385, 3.29, 2.476, 1.856]
------------------------------------------------------------------------------------------------------------------------

layout = [0, 4, 0, 4, 0, 0, 4, 4, 0, 0, 0, 0, 0, 4, 0]
circle = True
theoretical dice = [3. 3. 3. 3. 3. 3. 3. 3. 2. 1. 2. 3. 2. 1.]
theoretical cost = [5.753, 5.683, 5.567, 5.474, 5.475, 4.731, 4.048, 3.086, 2.5, 2.0, 4.784, 3.603, 2.962, 2.0]
empirical dice = [3, 3, 3, 3, 3, 3, 3, 3, 3, 3, 3, 3, 3, 3]
empirical cost = [9.512, 9.507, 9.232, 9.387, 9.383, 8.788, 8.524, 6.611, 7.062, 7.676, 8.31, 6.238, 7.064, 7.681]
------------------------------------------------------------------------------------------------------------------------

layout = [0, 4, 0, 4, 0, 0, 4, 4, 0, 0, 0, 0, 0, 4, 0]
circle = False
theoretical dice = [3. 3. 3. 3. 3. 3. 3. 3. 3. 3. 2. 3. 3. 3.]
theoretical cost = [5.316, 5.238, 5.128, 5.006, 5.007, 4.2, 3.482, 2.63, 1.778, 1.333, 4.384, 3.294, 2.47, 1.852]
empirical dice = [3, 1, 3, 2, 3, 3, 1, 2, 1, 3, 2, 3, 3, 2]
empirical cost = [6.229, 7.853, 5.85, 6.642, 6.052, 5.379, 5.938, 3.948, 3.332, 1.331, 4.756, 3.728, 2.797, 2.084]
------------------------------------------------------------------------------------------------------------------------

layout = [0, 4, 0, 4, 0, 0, 4, 4, 0, 0, 0, 0, 0, 4, 0]
circle = True
theoretical dice = [3. 3. 3. 3. 3. 3. 3. 3. 2. 1. 2. 3. 2. 1.]
theoretical cost = [5.753, 5.683, 5.567, 5.474, 5.475, 4.731, 4.048, 3.086, 2.5, 2.0, 4.784, 3.603, 2.962, 2.0]
empirical dice = [3, 1, 3, 2, 3, 3, 1, 2, 1, 3, 2, 3, 3, 2]
empirical cost = [11.921, 13.37, 11.378, 12.82, 12.08, 11.847, 13.427, 11.455, 11.285, 9.259, 9.683, 7.652, 8.684, 7.995]
------------------------------------------------------------------------------------------------------------------------

layout = [0, 4, 0, 4, 0, 0, 4, 4, 0, 0, 0, 0, 0, 4, 0]
circle = False
theoretical dice = [3. 3. 3. 3. 3. 3. 3. 3. 3. 3. 2. 3. 3. 3.]
theoretical cost = [5.316, 5.238, 5.128, 5.006, 5.007, 4.2, 3.482, 2.63, 1.778, 1.333, 4.384, 3.294, 2.47, 1.852]
empirical dice = [1, 2, 1, 2, 3, 1, 3, 2, 2, 2, 1, 2, 1, 3]
empirical cost = [10.963, 8.975, 9.831, 7.952, 7.346, 6.764, 4.74, 3.822, 2.246, 1.502, 7.727, 5.72, 4.394, 2.397]
------------------------------------------------------------------------------------------------------------------------

layout = [0, 4, 0, 4, 0, 0, 4, 4, 0, 0, 0, 0, 0, 4, 0]
circle = True
theoretical dice = [3. 3. 3. 3. 3. 3. 3. 3. 2. 1. 2. 3. 2. 1.]
theoretical cost = [5.753, 5.683, 5.567, 5.474, 5.475, 4.731, 4.048, 3.086, 2.5, 2.0, 4.784, 3.603, 2.962, 2.0]
empirical dice = [1, 2, 1, 2, 3, 1, 3, 2, 2, 2, 1, 2, 1, 3]
empirical cost = [20.206, 18.233, 19.791, 16.455, 15.955, 14.917, 12.909, 11.63, 7.28, 11.543, 19.118, 17.149, 16.755, 14.698]
------------------------------------------------------------------------------------------------------------------------
