layout = [0, 2, 0, 2, 0, 0, 0, 2, 0, 0, 0, 2, 0, 0, 0]
circle = False
theoretical dice = [2. 3. 3. 3. 2. 3. 3. 3. 3. 3. 3. 1. 3. 3.]
theoretical cost = [10.761, 10.063, 8.103, 7.904, 6.617, 5.657, 4.576, 3.432, 1.778, 1.333, 5.727, 3.778, 1.778, 1.333]
empirical cost best dice = [10.745, 10.052, 8.109, 7.887, 6.606, 5.654, 4.581, 3.427, 1.779, 1.331, 5.712, 3.777, 1.781, 1.332]
empirical dice = [1, 1, 1, 1, 1, 1, 1, 1, 1, 1, 1, 1, 1, 1]
empirical cost = [17.014, 15.017, 12.999, 14.007, 11.998, 9.991, 8.002, 6.001, 3.999, 1.998, 7.988, 5.998, 4.005, 2.001]
------------------------------------------------------------------------------------------------------------------------

layout = [0, 2, 0, 2, 0, 0, 0, 2, 0, 0, 0, 2, 0, 0, 0]
circle = True
theoretical dice = [2. 3. 3. 3. 2. 3. 3. 3. 2. 1. 3. 1. 2. 1.]
theoretical cost = [11.47, 10.771, 8.811, 8.608, 7.319, 6.364, 5.273, 3.955, 2.5, 2.0, 6.426, 4.5, 2.5, 2.0]
empirical cost best dice = [11.441, 10.753, 8.798, 8.608, 7.311, 6.363, 5.275, 3.95, 2.498, 2.0, 6.399, 4.504, 2.505, 1.995]
empirical dice = [1, 1, 1, 1, 1, 1, 1, 1, 1, 1, 1, 1, 1, 1]
empirical cost = [17.008, 15.005, 13.01, 13.994, 11.999, 9.994, 7.99, 5.996, 3.996, 1.999, 7.998, 5.998, 3.996, 2.001]
------------------------------------------------------------------------------------------------------------------------

layout = [0, 2, 0, 2, 0, 0, 0, 2, 0, 0, 0, 2, 0, 0, 0]
circle = False
theoretical dice = [2. 3. 3. 3. 2. 3. 3. 3. 3. 3. 3. 1. 3. 3.]
theoretical cost = [10.761, 10.063, 8.103, 7.904, 6.617, 5.657, 4.576, 3.432, 1.778, 1.333, 5.727, 3.778, 1.778, 1.333]
empirical dice = [2, 2, 2, 2, 2, 2, 2, 2, 2, 2, 2, 2, 2, 2]
empirical cost = [13.176, 12.66, 10.419, 10.075, 8.111, 7.469, 5.729, 4.309, 2.251, 1.5, 7.103, 5.231, 2.247, 1.499]
------------------------------------------------------------------------------------------------------------------------

layout = [0, 2, 0, 2, 0, 0, 0, 2, 0, 0, 0, 2, 0, 0, 0]
circle = True
theoretical dice = [2. 3. 3. 3. 2. 3. 3. 3. 2. 1. 3. 1. 2. 1.]
theoretical cost = [11.47, 10.771, 8.811, 8.608, 7.319, 6.364, 5.273, 3.955, 2.5, 2.0, 6.426, 4.5, 2.5, 2.0]
empirical dice = [2, 2, 2, 2, 2, 2, 2, 2, 2, 2, 2, 2, 2, 2]
empirical cost = [19.064, 18.545, 16.331, 15.871, 13.838, 13.369, 11.216, 11.162, 7.005, 10.978, 12.65, 12.114, 7.011, 11.012]
------------------------------------------------------------------------------------------------------------------------

layout = [0, 2, 0, 2, 0, 0, 0, 2, 0, 0, 0, 2, 0, 0, 0]
circle = False
theoretical dice = [2. 3. 3. 3. 2. 3. 3. 3. 3. 3. 3. 1. 3. 3.]
theoretical cost = [10.761, 10.063, 8.103, 7.904, 6.617, 5.657, 4.576, 3.432, 1.778, 1.333, 5.727, 3.778, 1.778, 1.333]
empirical dice = [3, 3, 3, 3, 3, 3, 3, 3, 3, 3, 3, 3, 3, 3]
empirical cost = [13.015, 11.614, 9.01, 8.839, 7.439, 6.042, 4.857, 3.634, 1.779, 1.335, 6.246, 4.689, 1.778, 1.332]
------------------------------------------------------------------------------------------------------------------------

layout = [0, 2, 0, 2, 0, 0, 0, 2, 0, 0, 0, 2, 0, 0, 0]
circle = True
theoretical dice = [2. 3. 3. 3. 2. 3. 3. 3. 2. 1. 3. 1. 2. 1.]
theoretical cost = [11.47, 10.771, 8.811, 8.608, 7.319, 6.364, 5.273, 3.955, 2.5, 2.0, 6.426, 4.5, 2.5, 2.0]
empirical dice = [3, 3, 3, 3, 3, 3, 3, 3, 3, 3, 3, 3, 3, 3]
empirical cost = [31.406, 30.186, 27.559, 27.447, 26.094, 24.437, 23.88, 17.931, 19.257, 22.307, 25.275, 18.936, 19.227, 22.322]
------------------------------------------------------------------------------------------------------------------------

layout = [0, 2, 0, 2, 0, 0, 0, 2, 0, 0, 0, 2, 0, 0, 0]
circle = False
theoretical dice = [2. 3. 3. 3. 2. 3. 3. 3. 3. 3. 3. 1. 3. 3.]
theoretical cost = [10.761, 10.063, 8.103, 7.904, 6.617, 5.657, 4.576, 3.432, 1.778, 1.333, 5.727, 3.778, 1.778, 1.333]
empirical dice = [2, 3, 3, 3, 1, 1, 1, 3, 1, 3, 2, 2, 1, 3]
empirical cost = [13.84, 13.397, 11.048, 11.131, 10.886, 8.89, 6.898, 4.882, 3.335, 1.334, 7.955, 5.745, 3.332, 1.332]
------------------------------------------------------------------------------------------------------------------------

layout = [0, 2, 0, 2, 0, 0, 0, 2, 0, 0, 0, 2, 0, 0, 0]
circle = True
theoretical dice = [2. 3. 3. 3. 2. 3. 3. 3. 2. 1. 3. 1. 2. 1.]
theoretical cost = [11.47, 10.771, 8.811, 8.608, 7.319, 6.364, 5.273, 3.955, 2.5, 2.0, 6.426, 4.5, 2.5, 2.0]
empirical dice = [2, 3, 3, 3, 1, 1, 1, 3, 1, 3, 2, 2, 1, 3]
empirical cost = [29.15, 28.231, 26.666, 24.743, 23.886, 21.819, 19.94, 17.828, 22.768, 20.781, 25.944, 24.275, 22.679, 20.76]
------------------------------------------------------------------------------------------------------------------------

layout = [0, 2, 0, 2, 0, 0, 0, 2, 0, 0, 0, 2, 0, 0, 0]
circle = False
theoretical dice = [2. 3. 3. 3. 2. 3. 3. 3. 3. 3. 3. 1. 3. 3.]
theoretical cost = [10.761, 10.063, 8.103, 7.904, 6.617, 5.657, 4.576, 3.432, 1.778, 1.333, 5.727, 3.778, 1.778, 1.333]
empirical dice = [1, 3, 1, 1, 3, 3, 1, 2, 2, 3, 3, 3, 1, 1]
empirical cost = [16.029, 14.046, 11.34, 10.702, 8.694, 7.076, 6.342, 4.339, 2.168, 1.334, 8.031, 5.996, 3.996, 1.999]
------------------------------------------------------------------------------------------------------------------------

layout = [0, 2, 0, 2, 0, 0, 0, 2, 0, 0, 0, 2, 0, 0, 0]
circle = True
theoretical dice = [2. 3. 3. 3. 2. 3. 3. 3. 2. 1. 3. 1. 2. 1.]
theoretical cost = [11.47, 10.771, 8.811, 8.608, 7.319, 6.364, 5.273, 3.955, 2.5, 2.0, 6.426, 4.5, 2.5, 2.0]
empirical dice = [1, 3, 1, 1, 3, 3, 1, 2, 2, 3, 3, 3, 1, 1]
empirical cost = [25.736, 23.764, 18.887, 22.508, 20.561, 18.041, 19.013, 16.949, 10.802, 18.548, 11.273, 8.39, 3.999, 1.994]
------------------------------------------------------------------------------------------------------------------------
