layout = [0, 4, 2, 1, 3, 3, 2, 1, 4, 1, 2, 3, 2, 1, 0]
circle = False
theoretical dice = [3. 3. 2. 2. 1. 1. 1. 1. 1. 1. 1. 1. 1. 1.]
theoretical cost = [11.519, 11.889, 11.678, 12.705, 12.0, 10.0, 8.0, 6.0, 4.0, 2.0, 8.0, 6.0, 4.0, 2.0]
empirical cost best dice = [11.277, 11.716, 11.596, 12.661, 12.002, 10.004, 7.997, 5.992, 3.999, 1.997, 7.99, 5.994, 4.0, 1.999]
empirical dice = [1, 1, 1, 1, 1, 1, 1, 1, 1, 1, 1, 1, 1, 1]
empirical cost = [16.994, 14.989, 12.998, 14.004, 12.006, 9.999, 8.001, 5.999, 4.004, 2.003, 8.008, 5.998, 4.004, 1.996]
------------------------------------------------------------------------------------------------------------------------

layout = [0, 4, 2, 1, 3, 3, 2, 1, 4, 1, 2, 3, 2, 1, 0]
circle = True
theoretical dice = [3. 3. 2. 2. 1. 1. 1. 1. 1. 1. 1. 1. 1. 1.]
theoretical cost = [11.509, 11.881, 11.671, 12.7, 11.995, 10.0, 8.0, 6.0, 4.0, 2.0, 8.0, 6.0, 4.0, 2.0]
empirical cost best dice = [11.287, 11.713, 11.562, 12.658, 11.998, 10.01, 8.004, 6.001, 3.997, 1.998, 7.999, 6.004, 4.004, 2.0]
empirical dice = [1, 1, 1, 1, 1, 1, 1, 1, 1, 1, 1, 1, 1, 1]
empirical cost = [17.009, 14.998, 12.987, 14.005, 11.995, 9.999, 8.004, 6.0, 4.0, 2.0, 8.003, 6.0, 4.001, 2.003]
------------------------------------------------------------------------------------------------------------------------

layout = [0, 4, 2, 1, 3, 3, 2, 1, 4, 1, 2, 3, 2, 1, 0]
circle = False
theoretical dice = [3. 3. 2. 2. 1. 1. 1. 1. 1. 1. 1. 1. 1. 1.]
theoretical cost = [11.516, 11.888, 11.873, 12.701, 11.998, 10.0, 8.0, 6.0, 4.0, 2.0, 8.0, 6.0, 4.0, 2.0]
empirical dice = [2, 2, 2, 2, 2, 2, 2, 2, 2, 2, 2, 2, 2, 2]
empirical cost = [24.356, 24.55, 24.756, 26.356, 25.72, 24.005, 20.506, 17.727, 10.735, 6.021, 21.024, 18.521, 12.235, 6.072]
------------------------------------------------------------------------------------------------------------------------

layout = [0, 4, 2, 1, 3, 3, 2, 1, 4, 1, 2, 3, 2, 1, 0]
circle = True
theoretical dice = [3. 3. 2. 2. 1. 1. 1. 1. 1. 1. 1. 1. 1. 1.]
theoretical cost = [11.508, 11.88, 11.474, 12.7, 11.999, 10.0, 8.0, 6.0, 4.0, 2.0, 8.0, 6.0, 4.0, 2.0]
empirical dice = [2, 2, 2, 2, 2, 2, 2, 2, 2, 2, 2, 2, 2, 2]
empirical cost = [33.751, 34.151, 34.419, 35.867, 35.218, 33.498, 29.608, 27.99, 17.58, 21.427, 30.421, 28.943, 19.102, 21.484]
------------------------------------------------------------------------------------------------------------------------

layout = [0, 4, 2, 1, 3, 3, 2, 1, 4, 1, 2, 3, 2, 1, 0]
circle = False
theoretical dice = [3. 3. 2. 2. 1. 1. 1. 1. 1. 1. 1. 1. 1. 1.]
theoretical cost = [11.503, 11.875, 11.469, 12.696, 11.991, 10.0, 8.0, 6.0, 4.0, 2.0, 8.0, 6.0, 4.0, 2.0]
empirical dice = [3, 3, 3, 3, 3, 3, 3, 3, 3, 3, 3, 3, 3, 3]
empirical cost = [19.479, 20.672, 21.219, 23.277, 23.185, 21.044, 20.405, 14.586, 9.683, 5.841, 20.103, 15.208, 11.133, 5.819]
------------------------------------------------------------------------------------------------------------------------

layout = [0, 4, 2, 1, 3, 3, 2, 1, 4, 1, 2, 3, 2, 1, 0]
circle = True
theoretical dice = [3. 3. 2. 2. 1. 1. 1. 1. 1. 1. 1. 1. 1. 1.]
theoretical cost = [11.517, 11.888, 11.677, 12.703, 12.0, 10.0, 8.0, 6.0, 4.0, 2.0, 8.0, 6.0, 4.0, 2.0]
empirical dice = [3, 3, 3, 3, 3, 3, 3, 3, 3, 3, 3, 3, 3, 3]
empirical cost = [29.953, 31.236, 31.216, 33.799, 33.801, 31.539, 30.9, 22.524, 22.478, 23.512, 29.541, 22.068, 23.77, 23.505]
------------------------------------------------------------------------------------------------------------------------

layout = [0, 4, 2, 1, 3, 3, 2, 1, 4, 1, 2, 3, 2, 1, 0]
circle = False
theoretical dice = [3. 3. 2. 2. 1. 1. 1. 1. 1. 1. 1. 1. 1. 1.]
theoretical cost = [11.516, 11.887, 11.677, 12.704, 12.0, 10.0, 8.0, 6.0, 4.0, 2.0, 8.0, 6.0, 4.0, 2.0]
empirical dice = [2, 1, 1, 1, 1, 2, 3, 1, 2, 2, 1, 3, 1, 2]
empirical cost = [28.82, 31.293, 29.233, 31.498, 29.487, 27.476, 28.289, 14.435, 12.378, 6.973, 23.075, 21.062, 8.981, 7.049]
------------------------------------------------------------------------------------------------------------------------

layout = [0, 4, 2, 1, 3, 3, 2, 1, 4, 1, 2, 3, 2, 1, 0]
circle = True
theoretical dice = [3. 3. 2. 2. 1. 1. 1. 1. 1. 1. 1. 1. 1. 1.]
theoretical cost = [11.51, 11.882, 11.671, 12.7, 11.998, 10.0, 8.0, 6.0, 4.0, 2.0, 8.0, 6.0, 4.0, 2.0]
empirical dice = [2, 1, 1, 1, 1, 2, 3, 1, 2, 2, 1, 3, 1, 2]
empirical cost = [33.354, 35.194, 33.101, 36.296, 34.288, 32.256, 33.267, 19.26, 17.286, 21.232, 25.848, 23.723, 23.227, 21.251]
------------------------------------------------------------------------------------------------------------------------

layout = [0, 4, 2, 1, 3, 3, 2, 1, 4, 1, 2, 3, 2, 1, 0]
circle = False
theoretical dice = [3. 3. 2. 2. 1. 1. 1. 1. 1. 1. 1. 1. 1. 1.]
theoretical cost = [11.52, 11.89, 11.679, 12.705, 11.999, 10.0, 8.0, 6.0, 4.0, 2.0, 8.0, 6.0, 4.0, 2.0]
empirical dice = [1, 3, 3, 3, 1, 3, 1, 2, 2, 2, 1, 2, 2, 2]
empirical cost = [39.884, 37.752, 39.549, 41.109, 39.599, 37.472, 29.648, 27.672, 16.386, 9.107, 30.655, 28.563, 18.989, 9.188]
------------------------------------------------------------------------------------------------------------------------

layout = [0, 4, 2, 1, 3, 3, 2, 1, 4, 1, 2, 3, 2, 1, 0]
circle = True
theoretical dice = [3. 3. 2. 2. 1. 1. 1. 1. 1. 1. 1. 1. 1. 1.]
theoretical cost = [11.513, 11.885, 11.674, 12.7, 12.0, 10.0, 8.0, 6.0, 4.0, 2.0, 8.0, 6.0, 4.0, 2.0]
empirical dice = [1, 3, 3, 3, 1, 3, 1, 2, 2, 2, 1, 2, 2, 2]
empirical cost = [55.675, 53.452, 55.419, 56.743, 55.371, 53.305, 46.545, 44.347, 27.812, 34.665, 47.816, 45.639, 30.357, 34.585]
------------------------------------------------------------------------------------------------------------------------


