layout = [0, 0, 3, 3, 0, 3, 0, 0, 3, 0, 0, 0, 3, 0, 0]
circle = False
theoretical dice = [2. 3. 3. 3. 3. 2. 3. 3. 3. 3. 3. 3. 3. 3.]
theoretical cost = [9.087, 8.178, 6.423, 6.664, 5.451, 4.785, 3.753, 2.815, 2.111, 1.333, 3.753, 2.815, 2.111, 1.333]
empirical cost best dice = [9.232, 8.296, 6.592, 6.772, 5.524, 5.031, 3.755, 2.819, 2.114, 1.333, 3.752, 2.814, 2.111, 1.331]
empirical dice = [1, 1, 1, 1, 1, 1, 1, 1, 1, 1, 1, 1, 1, 1]
empirical cost = [17.016, 14.996, 13.013, 13.997, 11.995, 10.006, 8.003, 5.999, 3.992, 2.004, 8.002, 6.002, 4.013, 2.002]
------------------------------------------------------------------------------------------------------------------------

layout = [0, 0, 3, 3, 0, 3, 0, 0, 3, 0, 0, 0, 3, 0, 0]
circle = True
theoretical dice = [2. 3. 2. 3. 3. 3. 3. 3. 2. 1. 3. 3. 2. 1.]
theoretical cost = [9.663, 8.683, 7.03, 7.31, 6.065, 5.406, 4.442, 3.332, 2.998, 2.0, 4.347, 3.263, 2.851, 2.0]
empirical cost best dice = [9.849, 9.158, 7.037, 7.306, 6.045, 5.541, 4.331, 3.242, 2.747, 2.003, 4.331, 3.25, 2.752, 2.001]
empirical dice = [1, 1, 1, 1, 1, 1, 1, 1, 1, 1, 1, 1, 1, 1]
empirical cost = [17.003, 14.992, 12.992, 14.002, 11.995, 10.0, 7.998, 6.005, 4.002, 2.0, 7.996, 5.998, 3.998, 2.002]
------------------------------------------------------------------------------------------------------------------------

layout = [0, 0, 3, 3, 0, 3, 0, 0, 3, 0, 0, 0, 3, 0, 0]
circle = False
theoretical dice = [3. 3. 2. 3. 3. 2. 3. 3. 3. 3. 3. 3. 3. 3.]
theoretical cost = [9.085, 8.178, 6.421, 6.664, 5.452, 4.785, 3.753, 2.815, 2.111, 1.333, 3.753, 2.815, 2.111, 1.333]
empirical dice = [2, 2, 2, 2, 2, 2, 2, 2, 2, 2, 2, 2, 2, 2]
empirical cost = [10.916, 10.339, 8.001, 8.644, 7.222, 6.066, 4.873, 3.749, 2.5, 1.5, 4.872, 3.749, 2.5, 1.499]
------------------------------------------------------------------------------------------------------------------------

layout = [0, 0, 3, 3, 0, 3, 0, 0, 3, 0, 0, 0, 3, 0, 0]
circle = True
theoretical dice = [3. 3. 2. 3. 3. 2. 3. 3. 2. 1. 3. 3. 2. 1.]
theoretical cost = [9.705, 8.793, 7.031, 7.296, 6.055, 5.389, 4.444, 3.333, 2.999, 2.0, 4.444, 3.333, 3.0, 2.0]
empirical dice = [2, 2, 2, 2, 2, 2, 2, 2, 2, 2, 2, 2, 2, 2]
empirical cost = [16.438, 15.85, 13.576, 14.184, 12.613, 11.724, 10.028, 9.904, 6.592, 9.734, 10.0, 9.917, 6.614, 9.722]
------------------------------------------------------------------------------------------------------------------------

layout = [0, 0, 3, 3, 0, 3, 0, 0, 3, 0, 0, 0, 3, 0, 0]
circle = False
theoretical dice = [3. 3. 2. 3. 3. 2. 3. 3. 3. 3. 3. 3. 3. 3.]
theoretical cost = [9.086, 8.179, 6.42, 6.664, 5.452, 4.785, 3.753, 2.815, 2.111, 1.333, 3.753, 2.815, 2.111, 1.333]
empirical dice = [3, 3, 3, 3, 3, 3, 3, 3, 3, 3, 3, 3, 3, 3]
empirical cost = [9.133, 8.216, 6.461, 6.711, 5.49, 4.892, 3.751, 2.813, 2.111, 1.334, 3.751, 2.814, 2.113, 1.334]
------------------------------------------------------------------------------------------------------------------------

layout = [0, 0, 3, 3, 0, 3, 0, 0, 3, 0, 0, 0, 3, 0, 0]
circle = True
theoretical dice = [3. 3. 2. 3. 3. 2. 3. 3. 2. 1. 3. 3. 2. 1.]
theoretical cost = [9.539, 8.721, 6.893, 7.271, 6.036, 5.376, 4.426, 3.322, 2.984, 2.0, 4.288, 3.215, 2.611, 2.0]
empirical dice = [3, 3, 3, 3, 3, 3, 3, 3, 3, 3, 3, 3, 3, 3]
empirical cost = [18.345, 17.365, 15.638, 16.11, 14.35, 14.07, 13.753, 10.28, 12.301, 13.576, 13.723, 10.283, 12.256, 13.542]
------------------------------------------------------------------------------------------------------------------------

layout = [0, 0, 3, 3, 0, 3, 0, 0, 3, 0, 0, 0, 3, 0, 0]
circle = False
theoretical dice = [2. 3. 3. 3. 3. 2. 3. 3. 3. 3. 3. 3. 3. 3.]
theoretical cost = [8.802, 8.18, 6.429, 6.663, 5.451, 4.784, 3.753, 2.815, 2.111, 1.333, 3.753, 2.815, 2.111, 1.333]
empirical dice = [1, 2, 3, 1, 1, 3, 1, 1, 1, 2, 1, 1, 3, 3]
empirical cost = [14.243, 12.233, 8.975, 11.497, 9.495, 7.506, 7.505, 5.507, 3.499, 1.499, 6.106, 4.111, 2.113, 1.334]
------------------------------------------------------------------------------------------------------------------------

layout = [0, 0, 3, 3, 0, 3, 0, 0, 3, 0, 0, 0, 3, 0, 0]
circle = True
theoretical dice = [3. 3. 2. 3. 3. 3. 3. 3. 2. 1. 3. 3. 2. 1.]
theoretical cost = [9.697, 8.792, 7.055, 7.329, 6.075, 5.543, 4.411, 3.31, 2.961, 2.0, 4.443, 3.333, 2.999, 2.0]
empirical dice = [1, 2, 3, 1, 1, 3, 1, 1, 1, 2, 1, 1, 3, 3]
empirical cost = [29.215, 27.241, 24.358, 26.109, 24.196, 22.15, 22.136, 20.183, 18.085, 16.154, 22.409, 20.389, 18.328, 20.838]
------------------------------------------------------------------------------------------------------------------------

layout = [0, 0, 3, 3, 0, 3, 0, 0, 3, 0, 0, 0, 3, 0, 0]
circle = False
theoretical dice = [2. 3. 2. 3. 3. 3. 3. 3. 3. 3. 3. 3. 3. 3.]
theoretical cost = [8.831, 8.212, 6.443, 6.711, 5.487, 4.893, 3.753, 2.815, 2.111, 1.333, 3.753, 2.815, 2.111, 1.333]
empirical dice = [3, 2, 3, 2, 2, 2, 1, 2, 2, 3, 1, 2, 1, 1]
empirical cost = [11.496, 10.847, 8.614, 9.067, 7.747, 6.379, 5.618, 3.622, 2.419, 1.335, 6.745, 4.754, 3.994, 2.003]
------------------------------------------------------------------------------------------------------------------------

layout = [0, 0, 3, 3, 0, 3, 0, 0, 3, 0, 0, 0, 3, 0, 0]
circle = True
theoretical dice = [3. 3. 2. 3. 3. 2. 3. 3. 2. 1. 3. 3. 2. 1.]
theoretical cost = [9.626, 8.718, 6.954, 7.192, 5.946, 5.288, 4.274, 3.201, 2.555, 2.0, 4.302, 3.224, 2.624, 2.0]
empirical dice = [3, 2, 3, 2, 2, 2, 1, 2, 2, 3, 1, 2, 1, 1]
empirical cost = [18.427, 17.729, 13.204, 18.273, 16.982, 15.552, 14.823, 12.824, 8.518, 13.59, 6.745, 4.751, 4.005, 2.0]
------------------------------------------------------------------------------------------------------------------------
