layout = [0, 0, 0, 0, 0, 0, 0, 0, 0, 0, 0, 0, 0, 0, 0]
circle = False
theoretical dice = [3. 3. 3. 3. 3. 3. 3. 3. 3. 3. 3. 3. 3. 3.]
theoretical cost = [6.671, 6.111, 4.773, 5.122, 4.434, 3.77, 3.161, 2.37, 1.778, 1.333, 3.161, 2.37, 1.778, 1.333]
empirical cost best dice = [6.659, 6.111, 4.775, 5.118, 4.437, 3.774, 3.162, 2.372, 1.776, 1.332, 3.157, 2.372, 1.779, 1.334]
empirical dice = [1, 1, 1, 1, 1, 1, 1, 1, 1, 1, 1, 1, 1, 1]
empirical cost = [16.993, 15.004, 12.99, 13.993, 11.996, 10.002, 7.993, 6.003, 4.005, 2.001, 8.006, 6.003, 4.001, 2.003]
------------------------------------------------------------------------------------------------------------------------

layout = [0, 0, 0, 0, 0, 0, 0, 0, 0, 0, 0, 0, 0, 0, 0]
circle = True
theoretical dice = [3. 3. 3. 3. 3. 3. 3. 3. 2. 1. 3. 3. 2. 1.]
theoretical cost = [7.26, 6.693, 5.366, 5.715, 4.994, 4.371, 3.778, 2.833, 2.5, 2.0, 3.778, 2.833, 2.5, 2.0]
empirical cost best dice = [7.255, 6.69, 5.36, 5.721, 4.988, 4.369, 3.777, 2.834, 2.495, 2.001, 3.779, 2.836, 2.498, 2.005]
empirical dice = [1, 1, 1, 1, 1, 1, 1, 1, 1, 1, 1, 1, 1, 1]
empirical cost = [17.003, 14.989, 13.005, 13.994, 12.002, 10.008, 7.997, 6.001, 3.996, 2.0, 8.0, 5.998, 4.001, 1.996]
------------------------------------------------------------------------------------------------------------------------

layout = [0, 0, 0, 0, 0, 0, 0, 0, 0, 0, 0, 0, 0, 0, 0]
circle = False
theoretical dice = [3. 3. 3. 3. 3. 3. 3. 3. 3. 3. 3. 3. 3. 3.]
theoretical cost = [6.671, 6.111, 4.773, 5.122, 4.434, 3.77, 3.161, 2.37, 1.778, 1.333, 3.161, 2.37, 1.778, 1.333]
empirical dice = [2, 2, 2, 2, 2, 2, 2, 2, 2, 2, 2, 2, 2, 2]
empirical cost = [9.216, 8.581, 6.832, 7.34, 6.33, 5.341, 4.312, 3.372, 2.254, 1.501, 4.314, 3.376, 2.252, 1.499]
------------------------------------------------------------------------------------------------------------------------

layout = [0, 0, 0, 0, 0, 0, 0, 0, 0, 0, 0, 0, 0, 0, 0]
circle = True
theoretical dice = [3. 3. 3. 3. 3. 3. 3. 3. 2. 1. 3. 3. 2. 1.]
theoretical cost = [7.26, 6.693, 5.366, 5.715, 4.994, 4.371, 3.778, 2.833, 2.5, 2.0, 3.778, 2.833, 2.5, 2.0]
empirical dice = [2, 2, 2, 2, 2, 2, 2, 2, 2, 2, 2, 2, 2, 2]
empirical cost = [13.897, 13.301, 11.538, 11.98, 10.912, 10.142, 8.657, 8.597, 5.757, 8.434, 8.651, 8.569, 5.722, 8.447]
------------------------------------------------------------------------------------------------------------------------

layout = [0, 0, 0, 0, 0, 0, 0, 0, 0, 0, 0, 0, 0, 0, 0]
circle = False
theoretical dice = [3. 3. 3. 3. 3. 3. 3. 3. 3. 3. 3. 3. 3. 3.]
theoretical cost = [6.671, 6.111, 4.773, 5.122, 4.434, 3.77, 3.161, 2.37, 1.778, 1.333, 3.161, 2.37, 1.778, 1.333]
empirical dice = [3, 3, 3, 3, 3, 3, 3, 3, 3, 3, 3, 3, 3, 3]
empirical cost = [6.666, 6.11, 4.769, 5.128, 4.439, 3.774, 3.161, 2.372, 1.777, 1.333, 3.161, 2.367, 1.778, 1.335]
------------------------------------------------------------------------------------------------------------------------

layout = [0, 0, 0, 0, 0, 0, 0, 0, 0, 0, 0, 0, 0, 0, 0]
circle = True
theoretical dice = [3. 3. 3. 3. 3. 3. 3. 3. 2. 1. 3. 3. 2. 1.]
theoretical cost = [7.26, 6.693, 5.366, 5.715, 4.994, 4.371, 3.778, 2.833, 2.5, 2.0, 3.778, 2.833, 2.5, 2.0]
empirical dice = [3, 3, 3, 3, 3, 3, 3, 3, 3, 3, 3, 3, 3, 3]
empirical cost = [13.426, 12.788, 11.476, 11.964, 10.935, 10.515, 10.441, 7.835, 9.272, 10.282, 10.453, 7.818, 9.24, 10.279]
------------------------------------------------------------------------------------------------------------------------

layout = [0, 0, 0, 0, 0, 0, 0, 0, 0, 0, 0, 0, 0, 0, 0]
circle = False
theoretical dice = [3. 3. 3. 3. 3. 3. 3. 3. 3. 3. 3. 3. 3. 3.]
theoretical cost = [6.671, 6.111, 4.773, 5.122, 4.434, 3.77, 3.161, 2.37, 1.778, 1.333, 3.161, 2.37, 1.778, 1.333]
empirical dice = [3, 3, 1, 1, 2, 2, 1, 2, 1, 2, 2, 3, 1, 3]
empirical cost = [11.039, 10.224, 9.184, 9.76, 7.75, 6.49, 6.004, 3.999, 3.502, 1.5, 4.615, 2.887, 3.334, 1.332]
------------------------------------------------------------------------------------------------------------------------

layout = [0, 0, 0, 0, 0, 0, 0, 0, 0, 0, 0, 0, 0, 0, 0]
circle = True
theoretical dice = [3. 3. 3. 3. 3. 3. 3. 3. 2. 1. 3. 3. 2. 1.]
theoretical cost = [7.26, 6.693, 5.366, 5.715, 4.994, 4.371, 3.778, 2.833, 2.5, 2.0, 3.778, 2.833, 2.5, 2.0]
empirical dice = [3, 3, 1, 1, 2, 2, 1, 2, 1, 2, 2, 3, 1, 3]
empirical cost = [22.663, 21.765, 21.116, 21.064, 19.066, 17.801, 17.282, 15.359, 14.815, 12.81, 17.263, 12.919, 18.509, 16.431]
------------------------------------------------------------------------------------------------------------------------

layout = [0, 0, 0, 0, 0, 0, 0, 0, 0, 0, 0, 0, 0, 0, 0]
circle = False
theoretical dice = [3. 3. 3. 3. 3. 3. 3. 3. 3. 3. 3. 3. 3. 3.]
theoretical cost = [6.671, 6.111, 4.773, 5.122, 4.434, 3.77, 3.161, 2.37, 1.778, 1.333, 3.161, 2.37, 1.778, 1.333]
empirical dice = [1, 3, 3, 3, 2, 1, 3, 2, 2, 2, 1, 3, 2, 1]
empirical cost = [9.617, 7.612, 6.108, 6.541, 6.206, 5.706, 3.708, 3.373, 2.243, 1.499, 4.826, 2.836, 2.502, 1.997]
------------------------------------------------------------------------------------------------------------------------

layout = [0, 0, 0, 0, 0, 0, 0, 0, 0, 0, 0, 0, 0, 0, 0]
circle = True
theoretical dice = [3. 3. 3. 3. 3. 3. 3. 3. 2. 1. 3. 3. 2. 1.]
theoretical cost = [7.26, 6.693, 5.366, 5.715, 4.994, 4.371, 3.778, 2.833, 2.5, 2.0, 3.778, 2.833, 2.5, 2.0]
empirical dice = [1, 3, 3, 3, 2, 1, 3, 2, 2, 2, 1, 3, 2, 1]
empirical cost = [13.978, 11.992, 8.748, 11.778, 11.467, 10.952, 8.929, 8.612, 5.744, 8.479, 4.825, 2.833, 2.5, 1.997]
------------------------------------------------------------------------------------------------------------------------


