layout = [0, 0, 1, 0, 0, 0, 1, 0, 0, 0, 1, 0, 0, 1, 0]
circle = False
theoretical dice = [3. 3. 3. 2. 3. 1. 1. 3. 3. 3. 2. 1. 1. 1.]
theoretical cost = [11.882, 10.964, 9.629, 8.791, 8.21, 6.37, 4.37, 2.37, 1.778, 1.333, 7.578, 6.0, 4.0, 2.0]
empirical cost best dice = [11.869, 10.948, 9.619, 8.805, 8.216, 6.375, 4.37, 2.372, 1.778, 1.333, 7.571, 5.997, 4.004, 1.999]
empirical dice = [1, 1, 1, 1, 1, 1, 1, 1, 1, 1, 1, 1, 1, 1]
empirical cost = [17.005, 15.013, 12.999, 14.001, 12.007, 10.004, 8.003, 6.002, 4.003, 2.0, 7.997, 6.0, 4.003, 2.002]
------------------------------------------------------------------------------------------------------------------------

layout = [0, 0, 1, 0, 0, 0, 1, 0, 0, 0, 1, 0, 0, 1, 0]
circle = True
theoretical dice = [3. 3. 3. 2. 3. 1. 1. 3. 2. 1. 2. 1. 1. 1.]
theoretical cost = [12.348, 11.43, 9.978, 9.255, 8.675, 6.833, 4.833, 2.833, 2.5, 2.0, 7.671, 6.0, 4.0, 2.0]
empirical cost best dice = [12.342, 11.428, 9.99, 9.238, 8.666, 6.845, 4.834, 2.835, 2.503, 2.001, 7.664, 6.002, 4.006, 2.0]
empirical dice = [1, 1, 1, 1, 1, 1, 1, 1, 1, 1, 1, 1, 1, 1]
empirical cost = [17.009, 14.993, 13.004, 14.004, 11.996, 10.002, 8.004, 6.003, 4.002, 2.001, 8.0, 5.995, 3.999, 1.998]
------------------------------------------------------------------------------------------------------------------------

layout = [0, 0, 1, 0, 0, 0, 1, 0, 0, 0, 1, 0, 0, 1, 0]
circle = False
theoretical dice = [3. 3. 3. 2. 3. 1. 1. 3. 3. 3. 2. 1. 1. 1.]
theoretical cost = [11.882, 10.964, 9.629, 8.791, 8.21, 6.37, 4.37, 2.37, 1.778, 1.333, 7.578, 6.0, 4.0, 2.0]
empirical dice = [2, 2, 2, 2, 2, 2, 2, 2, 2, 2, 2, 2, 2, 2]
empirical cost = [17.115, 15.436, 14.367, 12.12, 12.063, 9.178, 6.864, 3.373, 2.252, 1.5, 11.54, 10.402, 6.917, 4.619]
------------------------------------------------------------------------------------------------------------------------

layout = [0, 0, 1, 0, 0, 0, 1, 0, 0, 0, 1, 0, 0, 1, 0]
circle = True
theoretical dice = [3. 3. 3. 2. 3. 1. 1. 3. 2. 1. 2. 1. 1. 1.]
theoretical cost = [12.348, 11.43, 9.978, 9.255, 8.675, 6.833, 4.833, 2.833, 2.5, 2.0, 7.671, 6.0, 4.0, 2.0]
empirical dice = [2, 2, 2, 2, 2, 2, 2, 2, 2, 2, 2, 2, 2, 2]
empirical cost = [25.483, 23.887, 22.622, 20.878, 20.627, 18.068, 14.883, 12.94, 8.634, 14.262, 18.24, 18.032, 12.009, 16.493]
------------------------------------------------------------------------------------------------------------------------

layout = [0, 0, 1, 0, 0, 0, 1, 0, 0, 0, 1, 0, 0, 1, 0]
circle = False
theoretical dice = [3. 3. 3. 2. 3. 1. 1. 3. 3. 3. 2. 1. 1. 1.]
theoretical cost = [11.882, 10.964, 9.629, 8.791, 8.21, 6.37, 4.37, 2.37, 1.778, 1.333, 7.578, 6.0, 4.0, 2.0]
empirical dice = [3, 3, 3, 3, 3, 3, 3, 3, 3, 3, 3, 3, 3, 3]
empirical cost = [14.654, 13.334, 11.981, 11.907, 9.551, 7.578, 6.03, 2.373, 1.777, 1.335, 12.007, 8.285, 6.197, 4.632]
------------------------------------------------------------------------------------------------------------------------

layout = [0, 0, 1, 0, 0, 0, 1, 0, 0, 0, 1, 0, 0, 1, 0]
circle = True
theoretical dice = [3. 3. 3. 2. 3. 1. 1. 3. 2. 1. 2. 1. 1. 1.]
theoretical cost = [12.348, 11.43, 9.978, 9.255, 8.675, 6.833, 4.833, 2.833, 2.5, 2.0, 7.671, 6.0, 4.0, 2.0]
empirical dice = [3, 3, 3, 3, 3, 3, 3, 3, 3, 3, 3, 3, 3, 3]
empirical cost = [26.827, 25.534, 23.796, 24.172, 21.476, 20.253, 20.098, 13.379, 16.719, 19.306, 23.448, 16.76, 19.206, 21.195]
------------------------------------------------------------------------------------------------------------------------

layout = [0, 0, 1, 0, 0, 0, 1, 0, 0, 0, 1, 0, 0, 1, 0]
circle = False
theoretical dice = [3. 3. 3. 2. 3. 1. 1. 3. 3. 3. 2. 1. 1. 1.]
theoretical cost = [11.882, 10.964, 9.629, 8.791, 8.21, 6.37, 4.37, 2.37, 1.778, 1.333, 7.578, 6.0, 4.0, 2.0]
empirical dice = [1, 1, 2, 3, 3, 3, 1, 3, 3, 1, 3, 3, 3, 1]
empirical cost = [21.052, 19.096, 17.048, 15.897, 12.555, 9.918, 4.662, 2.664, 1.999, 2.002, 16.377, 11.143, 8.364, 2.001]
------------------------------------------------------------------------------------------------------------------------

layout = [0, 0, 1, 0, 0, 0, 1, 0, 0, 0, 1, 0, 0, 1, 0]
circle = True
theoretical dice = [3. 3. 3. 2. 3. 1. 1. 3. 2. 1. 2. 1. 1. 1.]
theoretical cost = [12.348, 11.43, 9.978, 9.255, 8.675, 6.833, 4.833, 2.833, 2.5, 2.0, 7.671, 6.0, 4.0, 2.0]
empirical dice = [1, 1, 2, 3, 3, 3, 1, 3, 3, 1, 3, 3, 3, 1]
empirical cost = [26.231, 24.275, 22.285, 21.064, 17.105, 15.548, 7.581, 5.614, 10.765, 2.001, 22.938, 16.401, 18.869, 1.998]
------------------------------------------------------------------------------------------------------------------------

layout = [0, 0, 1, 0, 0, 0, 1, 0, 0, 0, 1, 0, 0, 1, 0]
circle = False
theoretical dice = [3. 3. 3. 2. 3. 1. 1. 3. 3. 3. 2. 1. 1. 1.]
theoretical cost = [11.882, 10.964, 9.629, 8.791, 8.21, 6.37, 4.37, 2.37, 1.778, 1.333, 7.578, 6.0, 4.0, 2.0]
empirical dice = [3, 1, 3, 2, 1, 1, 1, 2, 1, 1, 2, 2, 1, 2]
empirical cost = [14.58, 14.157, 12.133, 10.998, 10.501, 8.497, 6.494, 4.503, 3.995, 1.999, 10.269, 9.231, 6.124, 4.107]
------------------------------------------------------------------------------------------------------------------------

layout = [0, 0, 1, 0, 0, 0, 1, 0, 0, 0, 1, 0, 0, 1, 0]
circle = True
theoretical dice = [3. 3. 3. 2. 3. 1. 1. 3. 2. 1. 2. 1. 1. 1.]
theoretical cost = [12.348, 11.43, 9.978, 9.255, 8.675, 6.833, 4.833, 2.833, 2.5, 2.0, 7.671, 6.0, 4.0, 2.0]
empirical dice = [3, 1, 3, 2, 1, 1, 1, 2, 1, 1, 2, 2, 1, 2]
empirical cost = [15.46, 15.876, 13.874, 11.009, 10.496, 8.499, 6.496, 4.494, 4.004, 2.0, 14.971, 14.216, 12.449, 10.485]
------------------------------------------------------------------------------------------------------------------------


