layout = [0, 4, 0, 0, 3, 0, 0, 2, 0, 0, 1, 0, 0, 0, 0]
circle = False
theoretical dice = [3. 3. 3. 3. 2. 3. 3. 1. 3. 3. 3. 3. 3. 3.]
theoretical cost = [7.837, 7.942, 7.096, 7.927, 7.26, 6.39, 5.126, 3.778, 1.778, 1.333, 4.331, 2.37, 1.778, 1.333]
empirical cost best dice = [7.798, 7.948, 7.06, 7.903, 7.409, 6.119, 5.173, 3.776, 1.78, 1.333, 4.371, 2.37, 1.775, 1.334]
empirical dice = [1, 1, 1, 1, 1, 1, 1, 1, 1, 1, 1, 1, 1, 1]
empirical cost = [16.989, 15.01, 13.007, 14.002, 12.01, 9.99, 8.0, 5.999, 3.996, 1.998, 7.998, 5.999, 4.002, 2.001]
------------------------------------------------------------------------------------------------------------------------

layout = [0, 4, 0, 0, 3, 0, 0, 2, 0, 0, 1, 0, 0, 0, 0]
circle = True
theoretical dice = [3. 3. 3. 3. 2. 3. 2. 1. 2. 1. 1. 3. 2. 1.]
theoretical cost = [8.811, 9.045, 8.065, 9.078, 8.745, 7.433, 6.06, 4.5, 2.5, 2.0, 4.833, 2.833, 2.5, 2.0]
empirical cost best dice = [8.453, 8.626, 7.736, 8.609, 8.127, 6.838, 5.903, 4.5, 2.501, 2.001, 4.835, 2.837, 2.502, 1.998]
empirical dice = [1, 1, 1, 1, 1, 1, 1, 1, 1, 1, 1, 1, 1, 1]
empirical cost = [17.004, 15.001, 13.021, 14.002, 11.999, 10.017, 7.995, 5.996, 3.998, 2.001, 8.003, 5.998, 3.997, 1.996]
------------------------------------------------------------------------------------------------------------------------

layout = [0, 4, 0, 0, 3, 0, 0, 2, 0, 0, 1, 0, 0, 0, 0]
circle = False
theoretical dice = [3. 3. 3. 3. 2. 3. 2. 1. 3. 3. 1. 3. 3. 3.]
theoretical cost = [8.145, 8.367, 7.399, 8.364, 8.031, 6.717, 5.344, 3.778, 1.778, 1.333, 4.37, 2.37, 1.778, 1.333]
empirical dice = [2, 2, 2, 2, 2, 2, 2, 2, 2, 2, 2, 2, 2, 2]
empirical cost = [9.772, 9.783, 8.952, 9.83, 8.499, 7.65, 5.854, 4.393, 2.245, 1.498, 5.41, 3.378, 2.247, 1.503]
------------------------------------------------------------------------------------------------------------------------

layout = [0, 4, 0, 0, 3, 0, 0, 2, 0, 0, 1, 0, 0, 0, 0]
circle = True
theoretical dice = [3. 3. 3. 3. 2. 3. 3. 1. 2. 1. 1. 3. 2. 1.]
theoretical cost = [8.824, 9.06, 8.076, 9.098, 8.765, 7.448, 6.086, 4.5, 2.5, 2.0, 4.833, 2.833, 2.5, 2.0]
empirical dice = [2, 2, 2, 2, 2, 2, 2, 2, 2, 2, 2, 2, 2, 2]
empirical cost = [14.388, 14.304, 13.6, 14.23, 12.777, 12.093, 10.027, 9.593, 5.87, 8.64, 9.919, 8.759, 5.86, 8.668]
------------------------------------------------------------------------------------------------------------------------

layout = [0, 4, 0, 0, 3, 0, 0, 2, 0, 0, 1, 0, 0, 0, 0]
circle = False
theoretical dice = [3. 3. 3. 3. 2. 3. 2. 1. 3. 3. 1. 3. 3. 3.]
theoretical cost = [8.15, 8.371, 7.404, 8.37, 8.036, 6.722, 5.347, 3.778, 1.778, 1.333, 4.37, 2.37, 1.778, 1.333]
empirical dice = [3, 3, 3, 3, 3, 3, 3, 3, 3, 3, 3, 3, 3, 3]
empirical cost = [8.065, 8.342, 7.346, 8.275, 8.244, 6.39, 5.133, 3.836, 1.778, 1.334, 4.38, 2.372, 1.775, 1.335]
------------------------------------------------------------------------------------------------------------------------

layout = [0, 4, 0, 0, 3, 0, 0, 2, 0, 0, 1, 0, 0, 0, 0]
circle = True
theoretical dice = [3. 3. 3. 3. 2. 3. 3. 3. 2. 1. 1. 3. 2. 1.]
theoretical cost = [8.493, 8.61, 7.754, 8.629, 7.962, 7.097, 5.823, 4.367, 2.5, 2.0, 4.833, 2.833, 2.5, 2.0]
empirical dice = [3, 3, 3, 3, 3, 3, 3, 3, 3, 3, 3, 3, 3, 3]
empirical cost = [18.186, 18.702, 17.365, 19.092, 19.122, 17.064, 16.147, 12.116, 11.853, 13.475, 14.339, 9.803, 11.903, 13.51]
------------------------------------------------------------------------------------------------------------------------

layout = [0, 4, 0, 0, 3, 0, 0, 2, 0, 0, 1, 0, 0, 0, 0]
circle = False
theoretical dice = [3. 3. 3. 3. 2. 3. 3. 1. 3. 3. 3. 3. 3. 3.]
theoretical cost = [7.835, 7.94, 7.094, 7.925, 7.258, 6.389, 5.125, 3.778, 1.778, 1.333, 4.33, 2.37, 1.778, 1.333]
empirical dice = [2, 2, 3, 1, 2, 1, 3, 2, 2, 3, 2, 2, 1, 1]
empirical cost = [9.63, 9.714, 8.66, 9.884, 7.861, 7.112, 5.128, 4.173, 2.166, 1.332, 6.533, 4.505, 3.999, 1.998]
------------------------------------------------------------------------------------------------------------------------

layout = [0, 4, 0, 0, 3, 0, 0, 2, 0, 0, 1, 0, 0, 0, 0]
circle = True
theoretical dice = [3. 3. 3. 3. 2. 3. 2. 1. 2. 1. 1. 3. 2. 1.]
theoretical cost = [8.811, 9.045, 8.065, 9.078, 8.744, 7.433, 6.06, 4.5, 2.5, 2.0, 4.833, 2.833, 2.5, 2.0]
empirical dice = [2, 2, 3, 1, 2, 1, 3, 2, 2, 3, 2, 2, 1, 1]
empirical cost = [14.242, 15.151, 13.021, 17.01, 14.966, 14.239, 12.232, 11.286, 6.929, 10.846, 7.44, 4.495, 4.007, 2.003]
------------------------------------------------------------------------------------------------------------------------

layout = [0, 4, 0, 0, 3, 0, 0, 2, 0, 0, 1, 0, 0, 0, 0]
circle = False
theoretical dice = [3. 3. 3. 3. 2. 3. 2. 1. 3. 3. 1. 3. 3. 3.]
theoretical cost = [8.145, 8.367, 7.4, 8.364, 8.031, 6.717, 5.343, 3.778, 1.778, 1.333, 4.37, 2.37, 1.778, 1.333]
empirical dice = [2, 1, 2, 2, 1, 2, 1, 3, 1, 1, 3, 2, 3, 2]
empirical cost = [11.435, 12.386, 10.366, 12.074, 11.342, 9.335, 7.33, 5.333, 4.0, 2.001, 5.491, 3.163, 1.834, 1.501]
------------------------------------------------------------------------------------------------------------------------

layout = [0, 4, 0, 0, 3, 0, 0, 2, 0, 0, 1, 0, 0, 0, 0]
circle = True
theoretical dice = [3. 3. 3. 3. 2. 3. 3. 1. 2. 1. 1. 3. 2. 1.]
theoretical cost = [8.825, 9.06, 8.077, 9.098, 8.765, 7.448, 6.086, 4.5, 2.5, 2.0, 4.833, 2.833, 2.5, 2.0]
empirical dice = [2, 1, 2, 2, 1, 2, 1, 3, 1, 1, 3, 2, 3, 2]
empirical cost = [14.157, 15.229, 13.215, 12.091, 11.313, 9.344, 7.346, 5.321, 4.001, 1.999, 11.493, 10.241, 8.9, 8.568]
------------------------------------------------------------------------------------------------------------------------
